100 100 500
1111111111111111111111111111111111111111111111111111111111111111111111111111111111111111111111111111
1000000000000000000000000000000000000000000000000000000000000000000000000000000000000000000000000001
1000000000000000000000000000000000000000000000000000000000000000000000000000000000000000000000000001
1000000000000000000000000000000000000000000000000000000000000000000000000000000000000000000000000001
1000000000000000000000000000000000000000000000000000000000000000000000000000000000000000000000000001
1111111111111111111111111111111111111111000000000011111000000000011111111111111111111111111111111111
1111111111111111111111111111111111111111000000000011111000000000011111111111111111111111111111111111
1111111111111111111111111111111111111111000000000011111000000000011111111111111111111111111111111111
1111111111111111111111111111111111111111000000000011111000000000011111111111111111111111111111111111
1111111111111111111111111111111111111111000000000011111000000000011111111111111111111111111111111111
1111111111111111111111111111111111111111000000000011111000000000011111111111111111111111111111111111
1111111111111111111111111111111111111111000000000011111000000000011111111111111111111111111111111111
1000000000000000000000000000000000000000000000000000000000000000000000000000000000000000000000000001
1000000000000000000000000000000000000000000000000000000000000000000000000000000000000000000000000001
1111111111111111111111111111111111111111000000000011111000000000011111111111111111111111111111111111
1111111111111111111111111111111111111111000000000011111000000000011111111111111111111111111111111111
1111111111111111111111111111111111111111000000000011111000000000011111111111111111111111111111111111
1111111111111111111111111111111111111111000000000011111000000000011111111111111111111111111111111111
1111111111111111111111111111111111111111000000000011111000000000011111111111111111111111111111111111
1000000000000000000000000000000000000000000000000000000000000000000000000000000000000000000000000001
1111111111111111111111111111111111111111000000000011111000000000011111111111111111111111111111111111
1111111111111111111111111111111111111111000000000011111000000000011111111111111111111111111111111111
1111111111111111111111111111111111111111000000000011111000000000011111111111111111111111111111111111
1000000000000000000000000000000000000000000000000000000000000000000000000000000000000000000000000001
1111111111111111111111111111111111111111000000000011111000000000011111111111111111111111111111111111
1111111111111111111111111111111111111111000000000011111000000000011111111111111111111111111111111111
1111111111111111111111111111111111111111000000000011111000000000011111111111111111111111111111111111
1000000000000000000000000000000000000000000000000000000000000000000000000000000000000000000000000001
1000000000000000000000000000000000000000000000000000000000000000000000000000000000000000000000000001
1111111111111111111111111111111111111111000000000011111000000000011111111111111111111111111111111111
1111111111111111111111111111111111111111000000000011111000000000011111111111111111111111111111111111
1111111111111111111111111111111000000000000000000011111000000000011111111111111111111111111111111111
1111111111111111111111111011111111101111000000000011111000000000011111111111111111111111111111111111
1111111111111111111111111011111100001111000000000011111000000000011111111111111111111111111111111111
1111111111111111111111111011111111111111000000000011111000000000011111111111111111111111111111111111
1111111111111111111111111011111111100000000000000011111000000000011111111111111111111111111111111111
1111111111111111111111110011111111101111000000000011111000000000011111111111111111111111111111111111
1111111111111111111111111000111111101111000000000011111000000000011111111111111111111111111111111111
1111111111111111111111111010111111111111000000000011111000000000011111111111111111111111111111111111
1000000000000000000000000000000000000000000000000000000000000000000000000000000000000000000000000001
1000000000000000000000000000000000000000000000000000111111100000000000000000000011100000000000000001
1000000000000000000000000000000000000000000000000001110000000000000000000100000000010000000000000001
1000000000000000000000000000000000000000000010111111111111100000000000000000000000000000000000011111
1111111111111111111111111111111111111111000000000011111000000000011111111111111111111111111111111111
1111111111111111111111111111111111111111000000000011111000000000011111111111111111111111111111111111
1111111111111111111111111111111111111111000000000011111000000000011111111111111111111111111111111111
1111111111111111111111111111111111111111000000000011111000000000011111111111111111111111111111111111
1111111111111111111111111111111111111111000000000011111000000000011111111111111111111111111111111111
1111111111111111111111111111111111111111000000000011111000000000011111111111111111111111111111111111
1111111111111111111111111111111111111111000000000011111000000000011111111111111111111111111111111111
1111111111111111111111111111111111111111000000000011111000000000011111111111111111111111111111111111
1000000000000000000000000000000000000000000000000000000000000000000000000000000000000000000000000001
1000000000000000000000000000000000000000000000000000000000000000000000000000000000000000000000000001
1000000000000000000000000000000000000000000000000000000000000000000000000000000000000000000000000001
1000000000000000000000000000000000000000000000000000000000000000000000000000000000000000000000000001
1111111111111111111111111111111001101111000000000011111000000000011111111111111111111111111111111111
1111111111111111111111111111111001101111000000000011111000000000011111111111111111111111111111111111
1111111111111111111111111111111001101111000000000011111000000000011111111111111111111111111111111111
1111111111111111111111111111111001101111000000000011111000000000011111111111111111111111111111111111
1111111111111111111111111111111001101111000000000011111000000000011111111111111111111111111111111111
1111111111111111111111111111111001101111000000000011111000000000011111111111111111111111111111111111
1111111111111111111111111111111001101111000000000011111000000000011111111111111111111111111111111111
1111111111111111111111111111111001101111000000000011111000000000011111111111111111111111111111111111
1111111111111111111111111111111001101111000000000011111000000000011111111111111111111111111111111111
1111111111111111111111111111111001101111111111111111111000000000011111111111111111111111111111111111
1000000000000000000000000000000000000000000000000000000000000000000000000000000000000000000000000001
1000000000000000000000000000000000000000000000000000000000000000000000000000000000000000000000000001
1000000000000000000000000000000000000000000000000000000000000000000000000000000000000000000000000001
1000000000000000000000000000000000000000000000000000000000000000000000000000000000000000000000000001
1111111111111111111111111111111111111111111111111111111000010000011111111111111111111111111111111111
1111111111111111111111111111111111111111111111111111111000000000011111111111111111111111111111111111
1111111111111111111111111111111111111111000000000000000000000000011111111111111111111111111111111111
1111111111111111111111111111111111111111100000000000000000000000011111111111111111111111111111111111
1111111111111111111111111111111111111111111111111111111000010000011111111111111111111111111111111111
1111111111111111111111111111111111111111111111111111111000000000011111111111111111111111111111111111
1000000000000000000000000000000000111011010000000000000000000010000000000000000000000000000000000001
1000000000000000000000000000000000100000000000000000000000000010000000000000000000000000000000000001
1000000000000000000000000000000000110000000000000000000000000000000000000000000000000000000000000001
1000000000000000000000000000000000000000000000000000000000000000000000000000000000000000000000000001
1111111111111111111111111111111111111111000000000111111000000000011111111111111111111111111111111111
1111111111111111111111111111111111111111000000011011111000000000011111111111111111111111111111111111
1111111111111111111111111111111111111111010000110011111000000000011111111111111111111111111111111111
1111111111111111111111111111111111111111001001100011111000000000011111111111111111111111111111111111
1111111111111111111111111111111111111111111111000011111000000000011111111111111111111111111111111111
1111111111111111111111111111111111111111000011100011111000000000011111111111111111111111111111111111
1000000000000000000000000000000000000111000001110000000000000000000000000000000000000000000000000001
1000000000000000000000000000000000000111000001011110000000000010000000100000000000000000000000000001
1000000000000000000000000000000000000000000000000000000000000000000000010000010000000000000000000001
1000000000000000000000000000000000000000000000000000000000000000000000000000000000000000000000000001
1111111111011111101111010111111111111100000000001111100001000001111111111111111111111111111111000011
1111111111010001000000100111111111111111100000000001111100001000001111111111111111111111111111011111
1111111111000111111111101111111111111111000000000011111000010000011111111111111111111111111111111111
1111111111110111111111111111111111111111000000000011111000000000011111111111111111111111111111111111
1111111111111111111111111111111111111111000000000011111010010000011111111111111111111111111111111111
1111111111111111111111111111111111111111000000000011111000000000011111111111111111111111111111111111
1111111111111111111111111111111111111111000000000011111101011000011111111111111111111111111111111111
1000000000000000000000000000000000000000000000000000000000011000000000000000000000000000000000000001
1000000000000000000000000000000000001011110000000000000000011111100000000000000000000000110000000001
1000000000000000000000000000000000000000000000000000000000000000100000000000000000000000000000000001
111111111111111111R111111111111111111111111111111111111111111111111111111111111111111111111111111111